   12         -67.16543          18.33945      0.00825887
   18         -67.08086          18.09531      0.00825887
   19         -67.08086          18.19297      0.00825887
   20         -67.08086          18.29062      0.00825887
   21         -67.08086          18.38828      0.00825887
   25         -66.99628          18.04648      0.00825887
   26         -66.99628          18.14414      0.00825887
   27         -66.99628          18.24179      0.00825887
   28         -66.99628          18.33945      0.00825887
   29         -66.99628          18.43710      0.00825887
   34         -66.91171          18.09531      0.00825887
   35         -66.91171          18.19297      0.00825887
   36         -66.91171          18.29062      0.00825887
   37         -66.91171          18.38828      0.00825887
   41         -66.82714          18.04648      0.00825887
   42         -66.82714          18.14414      0.00825887
   43         -66.82714          18.24179      0.00825887
   44         -66.82714          18.33945      0.00825887
   45         -66.82714          18.43710      0.00825887
   50         -66.74257          18.09531      0.00825887
   51         -66.74257          18.19297      0.00825887
   52         -66.74257          18.29062      0.00825887
   53         -66.74257          18.38828      0.00825887
   57         -66.65800          18.04648      0.00825887
   58         -66.65800          18.14414      0.00825887
   59         -66.65800          18.24179      0.00825887
   60         -66.65800          18.33945      0.00825887
   66         -66.57343          18.09531      0.00825887
   67         -66.57343          18.19297      0.00825887
   68         -66.57343          18.29062      0.00825887
   69         -66.57343          18.38828      0.00825887
   73         -66.48885          18.04648      0.00825887
   74         -66.48885          18.14414      0.00825887
   75         -66.48885          18.24179      0.00825887
   76         -66.48885          18.33945      0.00825887
   82         -66.40428          18.09531      0.00825887
   83         -66.40428          18.19297      0.00825887
   84         -66.40428          18.29062      0.00825887
   85         -66.40428          18.38828      0.00825887
   89         -66.31971          18.04648      0.00825887
   90         -66.31971          18.14414      0.00825887
   91         -66.31971          18.24179      0.00825887
   92         -66.31971          18.33945      0.00825887
   98         -66.23514          18.09531      0.00825887
   99         -66.23514          18.19297      0.00825887
  100         -66.23514          18.29062      0.00825887
  101         -66.23514          18.38828      0.00825887
  105         -66.15057          18.04648      0.00825887
  106         -66.15057          18.14414      0.00825887
  107         -66.15057          18.24179      0.00825887
  108         -66.15057          18.33945      0.00825887
  114         -66.06599          18.09531      0.00825887
  115         -66.06599          18.19297      0.00825887
  116         -66.06599          18.29062      0.00825887
  117         -66.06599          18.38828      0.00825887
  121         -65.98142          18.04648      0.00825887
  122         -65.98142          18.14414      0.00825887
  123         -65.98142          18.24179      0.00825887
  124         -65.98142          18.33945      0.00825887
  130         -65.89685          18.09531      0.00825887
  131         -65.89685          18.19297      0.00825887
  132         -65.89685          18.29062      0.00825887
  139         -65.81228          18.24179      0.00825887
  140         -65.81228          18.33945      0.00825887
  148         -65.72771          18.29062      0.00825887
