ID	EV1	EV2	EV3	EV4	EV5	EV6	EV7	EV8	EV9	EV10	EV11	EV12	EV13	EV14	EV15	EV16	EV17	EV18	EV19	EV20	EV21	EV22	EV23	EV24	EV25	EV26	EV27
1	-0.020947	-0.037782	-0.032405	0.014759	-0.009333	-0.036082	0.075894	-0.031804	-0.072911	-0.041855	0.039918	0.083043	0.027366	-0.089191	0.122117	-0.008772	-0.003672	-0.072562	0.138459	-0.05123	0.01089	-0.034774	0.05305	0.12052	0.083061	0.065843	-0.08144
2	-0.044425	-0.083965	-0.099207	0.021844	-0.076768	-0.045291	-0.133892	-0.075334	0.081319	-0.066509	0.006355	-0.035849	0.104172	0.061085	0.0352	-0.205367	0.056763	0.067181	0.078033	-0.035336	-0.082003	0.099699	0.130651	0.042546	0.026517	-0.061117	-0.23758
3	-0.003351	-0.009201	-0.004577	0.002631	-0.002121	-0.012927	0.02137	-0.000187	-0.022447	-0.022227	0.004103	0.023189	-0.007169	-0.052894	0.054185	-0.039838	-0.020542	-0.00774	0.074381	-0.033357	0.007768	0.01951	-0.000321	-0.070845	0.086353	-0.073093	0.222618
4	-0.017953	-0.032188	-0.022456	0.012764	-0.001341	-0.033478	0.092563	-0.018037	-0.08163	-0.039334	0.029827	0.079972	-0.007261	-0.135984	0.130316	-0.08432	-0.06341	-0.021422	0.184313	-0.056026	0.030623	0.046074	0.019638	-0.128081	0.140142	-0.111126	0.347045
5	-0.04591	-0.067174	-0.044218	0.027429	0.008809	-0.049913	0.189376	-0.035215	-0.132981	-0.0303	0.046976	0.101982	-0.018707	-0.153038	0.112395	-0.119188	-0.09224	0.020128	0.140176	-0.013921	0.031975	0.069509	0.002439	-0.160538	0.026105	-0.094624	0.240659
6	-0.058938	-0.070597	-0.030184	0.030421	0.034861	-0.038888	0.218944	-0.018606	-0.092848	0.003074	0.010524	0.01666	-0.043507	-0.050496	-0.024921	-0.204891	-0.059872	0.126389	-0.074992	0.065379	-0.024026	0.063504	-0.039806	-0.102751	-0.177564	-0.048733	0.10255
7	-0.050162	-0.078748	-0.061136	0.031555	-0.004361	-0.062972	0.188597	-0.055813	-0.154002	-0.052447	0.072252	0.147886	0.018309	-0.17914	0.186237	-0.053543	-0.064347	-0.068958	0.233666	-0.060504	0.041574	0.011994	0.056646	-0.002215	0.123591	-0.005268	0.08369
8	-0.12836	-0.160701	-0.102636	0.057577	0.020875	-0.064313	0.316419	-0.069184	-0.178608	0.018398	0.073057	0.103381	-0.013342	-0.070578	0.008807	0.02966	-0.065982	0.014155	-0.000721	0.039501	0.036144	0.02791	-0.01143	-0.060387	-0.05345	0.018984	-0.157253
9	-0.065965	-0.106292	-0.097474	0.039677	-0.030882	-0.074538	0.138917	-0.09184	-0.121871	-0.062199	0.087756	0.135612	0.089781	-0.065656	0.142618	0.058787	0.045689	-0.118979	0.104478	-0.036329	-0.004027	-0.078189	0.067614	0.226927	0.010681	0.120108	-0.225189
10	-0.104742	-0.16019	-0.152541	0.050099	-0.06448	-0.071062	0.061888	-0.116656	-0.06563	-0.027105	0.083285	0.082099	0.104486	0.061157	-0.0004	0.22872	0.073182	-0.108728	-0.097059	0.034424	0.021956	-0.108649	-0.049905	0.1002	-0.071993	0.10671	-0.102516
11	-0.063098	-0.114025	-0.128269	0.037377	-0.079235	-0.07586	-0.043709	-0.120319	0.006828	-0.089698	0.065374	0.045846	0.179743	0.103512	0.07201	0.003957	0.173106	-0.071082	-0.017778	-0.025002	-0.106101	-0.052467	0.104449	0.262758	-0.075991	0.01683	-0.114951
12	-0.075701	-0.130141	-0.144983	0.037535	-0.092947	-0.063879	-0.098391	-0.117246	0.044862	-0.060361	0.050083	0.007206	0.156723	0.144882	-0.013072	0.090339	0.144267	-0.05518	-0.114893	0.01858	-0.052472	-0.065523	-0.017487	0.066449	-0.083102	-0.025298	0.262168
13	-0.060474	-0.112213	-0.13346	0.031121	-0.098739	-0.061456	-0.156394	-0.10945	0.092374	-0.082049	0.025054	-0.032053	0.161884	0.131427	0.018066	-0.130536	0.130399	0.031571	-0.007488	-0.01829	-0.105395	0.049876	0.094145	0.050813	-0.031425	-0.105276	0.107774
14	-0.063814	-0.109813	-0.123918	0.027031	-0.088453	-0.041652	-0.148674	-0.084268	0.08611	-0.03897	0.012002	-0.04098	0.096013	0.104375	-0.039058	-0.023883	0.052347	0.026598	-0.053053	0.016743	-0.015293	0.021446	-0.030075	-0.116964	-0.005438	-0.078278	0.319888
15	-0.08963	-0.145167	-0.156682	0.026327	-0.118095	-0.024833	-0.248781	-0.068801	0.141212	-0.013336	-0.027834	-0.084093	0.020742	0.002726	-0.030324	-0.210857	-0.089478	0.112041	0.095462	0.003389	0.035496	0.105721	0.01728	-0.158588	0.068157	-0.015607	-0.067006
16	-0.033926	-0.060629	-0.067054	0.010563	-0.056155	-0.016739	-0.127602	-0.027537	0.077366	-0.024164	-0.024579	-0.050478	0.002263	-0.031958	0.015076	-0.224119	-0.072362	0.098503	0.122884	-0.020641	0.007508	0.10879	0.060506	-0.074022	0.072711	0.012403	-0.318196
17	-0.042969	-0.040651	0.00073	0.02077	0.046224	-0.020131	0.154517	0.004825	-0.014017	0.01017	-0.031033	-0.059312	-0.040381	0.026457	-0.08095	-0.245766	-0.001743	0.133811	-0.155372	0.070592	-0.055644	0.006476	-0.044107	0.016171	-0.173005	0.006236	0.103
18	-0.110859	-0.092016	-0.001622	0.040966	0.096587	-0.015762	0.283627	0.006028	-0.027006	0.059478	-0.035831	-0.088278	-0.056205	0.068366	-0.14113	-0.224889	-0.007779	0.155032	-0.158364	0.073228	-0.052372	0.033166	-0.004664	0.017852	-0.130079	-0.002104	-0.03228
19	-0.157818	-0.121626	-0.013261	0.023483	0.081128	0.052499	0.192082	0.040891	-0.03155	0.142403	-0.014632	-0.060836	-0.076779	0.092496	-0.154398	0.136569	-0.021965	0.058044	-0.040238	0.000743	-0.008222	0.082828	0.053616	-0.051557	0.073306	-0.061523	-0.18969
20	-0.121036	-0.145785	-0.101809	0.034032	-0.014909	-0.003714	0.090543	-0.029684	-0.056826	0.083642	0.030129	0.017531	-0.045257	0.037315	-0.122709	0.294482	-0.056621	-0.028107	-0.103651	0.047298	0.086704	-0.010717	-0.088079	-0.136719	0.036823	0.024061	-0.140536
21	-0.129498	-0.182752	-0.171252	0.035412	-0.097364	-0.012368	-0.136617	-0.067236	0.05777	0.052168	0.011238	-0.029287	-0.00197	0.056446	-0.116868	0.212732	-0.055238	-0.021647	-0.094694	0.054678	0.101843	-0.039996	-0.132626	-0.171779	0.022846	0.026621	0.200396
22	-0.15415	-0.137388	-0.058504	-0.002424	-0.001612	0.103156	-0.043136	0.073223	0.00406	0.181027	-0.028521	-0.034624	-0.146876	-0.005072	-0.123816	0.271873	-0.089118	-0.015565	-0.010371	-0.001227	0.053984	0.021467	-0.012047	-0.066	0.081119	-0.043906	0.01261
23	-0.112715	-0.13188	-0.099535	-0.001798	-0.068539	0.071016	-0.201675	0.050524	0.073347	0.121226	-0.063381	-0.045603	-0.175727	-0.153585	-0.040227	-0.006814	-0.190031	0.011793	0.061984	0.025763	0.108911	-0.04074	-0.059404	-0.002536	0.001342	0.083368	0.026732
24	-0.13337	-0.081889	0.00195	-0.049376	-0.003204	0.175342	-0.133499	0.152864	-0.016874	0.169007	-0.05567	0.035329	-0.174635	-0.149506	0.054265	0.039092	-0.007889	-0.080121	0.005974	-0.005772	-0.044195	-0.075304	0.056132	0.207434	-0.086366	-0.026206	0.104985
25	-0.067004	-0.062994	-0.030328	-0.021361	-0.032798	0.082848	-0.13983	0.08583	0.020895	0.089159	-0.061729	0.009308	-0.166851	-0.205399	0.05999	-0.102554	-0.103144	-0.038227	0.030923	0.022929	0.031279	-0.115722	-0.015865	0.204679	-0.118336	0.097791	-0.001358
26	-0.054489	-0.0781	-0.072256	0.002832	-0.060465	0.019518	-0.166707	0.013974	0.080031	0.033081	-0.052944	-0.050579	-0.100673	-0.137032	0.011141	-0.199397	-0.168162	0.072272	0.127257	0.004953	0.076554	0.0253	-0.009055	-0.017896	0.021145	0.104649	-0.217322
27	-0.069203	-0.037774	0.035322	0.028827	0.094455	-0.011194	0.16374	0.015084	0.070672	0.022425	-0.072573	-0.128944	-0.018481	0.084027	-0.098579	-0.248252	0.05411	0.060773	-0.133892	0.042697	-0.033628	-0.077553	-0.021724	0.117238	-0.014656	0.068733	0.084578
28	-0.071039	-0.008588	0.071622	0.040819	0.12471	-0.025614	0.090947	-0.000714	0.170647	-0.015352	-0.10134	-0.119742	0.030097	0.034033	-0.003604	-0.129382	0.07825	-0.137805	-0.032729	0.005387	0.064214	-0.165466	-0.048123	0.067913	0.163517	0.094774	0.060228
29	-0.041941	0.006341	0.058276	0.037015	0.091415	-0.039166	0.027687	-0.01494	0.157689	-0.048866	-0.086819	-0.054057	0.036182	-0.045977	0.066581	-0.040907	0.055962	-0.218008	-0.011213	0.008606	0.105574	-0.14871	-0.095612	-0.06672	0.159535	0.055395	0.010735
30	-0.160502	-0.043744	0.102035	0.036499	0.185095	0.035811	0.176966	0.034429	0.147175	0.077703	-0.080667	-0.170006	0.021444	0.145627	-0.090471	-0.08516	0.0659	0.003533	0.030783	-0.031592	-0.017393	-0.028846	0.074576	0.116723	0.099608	0.020634	-0.005699
31	-0.123973	0.046266	0.154746	0.094528	0.223867	-0.07593	0.023986	-0.054771	0.286076	-0.064215	-0.113372	-0.05304	0.078067	-0.059067	0.083891	0.031833	0.022693	-0.20183	0.0415	0.012719	0.10127	-0.08138	-0.031307	-0.039514	0.033242	0.017132	-0.00349
32	-0.156987	0.05063	0.154785	0.000779	0.153989	0.056204	0.004902	-0.018198	0.107894	0.027248	0.055895	-0.092374	0.131138	0.11508	0.031336	0.080823	-0.045822	0.054809	0.251895	-0.081391	0.015464	0.020419	0.051647	0.069772	-0.044413	0.034277	0.053124
33	-0.204889	-0.05382	0.097593	-0.053358	0.103937	0.20529	0.003765	0.13555	-0.005465	0.172114	0.003565	-0.033748	0.000471	0.124214	-0.009972	0.138309	0.086416	0.018513	0.151477	-0.105379	-0.11191	0.134049	0.167014	0.036008	0.082859	-0.109978	0.007727
34	-0.136764	0.054037	0.124708	-0.076924	0.053483	0.140528	-0.041457	0.024499	-0.047418	0.015556	0.107208	0.004873	0.15444	0.139144	0.039354	0.04517	0.010696	0.089644	0.181691	-0.072413	-0.036657	0.130889	0.016919	-0.098074	0.010552	0.026179	0.000995
35	-0.110732	0.016003	0.086878	-0.084742	0.022397	0.164264	-0.045429	0.083671	-0.077837	0.027252	0.044165	0.071705	0.097577	0.08991	0.064068	0.000482	0.126036	0.015862	0.048351	-0.046137	-0.089412	0.137715	0.057712	-0.12932	0.053968	-0.053437	-0.014107
36	-0.1321	-0.006838	0.078863	-0.104464	0.005912	0.219129	-0.093729	0.147044	-0.101712	0.066169	0.000093	0.132297	0.011947	-0.032725	0.122472	-0.059556	0.182489	-0.080189	-0.09869	0.017328	-0.108395	-0.006206	0.049108	0.01993	-0.053861	-0.067135	0.039551
37	-0.071458	0.018937	0.054134	-0.087785	-0.023955	0.135602	-0.064199	0.077581	-0.095012	-0.029954	-0.003929	0.142547	0.047011	-0.04858	0.092082	-0.129039	0.141253	-0.069339	-0.20909	0.094185	0.004951	-0.092518	-0.066177	-0.073969	-0.042231	0.011419	-0.036892
38	-0.07253	-0.028011	0.021394	-0.054565	-0.013333	0.130946	-0.10019	0.11723	-0.051304	0.064744	-0.037458	0.093625	-0.089582	-0.153042	0.122102	-0.098017	0.083544	-0.103681	-0.115231	0.047539	-0.0585	-0.142866	0.001495	0.19286	-0.160944	0.00499	0.072776
39	-0.038251	0.013258	0.05871	0.043184	0.08975	-0.049823	0.004849	-0.023034	0.155013	-0.061982	-0.085938	-0.009911	0.029372	-0.090213	0.086258	0.010147	0.038596	-0.221925	-0.029941	0.021676	0.082075	-0.054991	-0.087728	-0.148874	0.07387	-0.014058	-0.050136
40	-0.046763	0.035317	0.074179	0.076731	0.115221	-0.084152	-0.030301	-0.04199	0.15767	-0.078796	-0.097258	0.074517	0.000541	-0.142814	0.073579	0.068863	0.014817	-0.151781	-0.096417	0.048295	-0.011405	0.122082	-0.024785	-0.165699	-0.074892	-0.087639	-0.098447
41	-0.025112	0.036216	0.043139	0.074338	0.072816	-0.07905	-0.051833	-0.029319	0.062545	-0.062794	-0.073284	0.133471	-0.044929	-0.117412	0.009929	0.069417	0.002342	-0.017781	-0.12812	0.036328	-0.128256	0.242463	0.019403	-0.094121	-0.11169	-0.068251	-0.079757
42	-0.072833	0.110161	0.106293	0.157954	0.163793	-0.148679	-0.107096	-0.082288	0.10803	-0.067398	-0.066	0.183987	-0.04402	-0.138856	0.006918	0.117676	-0.033241	0.0501	-0.109155	0.059673	-0.066991	0.152119	0.071315	-0.020439	-0.142783	-0.069607	-0.035444
43	-0.102638	0.101085	0.131196	0.062826	0.136946	-0.061125	-0.064118	-0.095074	0.101798	-0.033001	0.064963	0.008353	0.072683	-0.031368	0.046539	0.100253	-0.123177	0.101076	0.102155	0.018517	0.066474	-0.05919	0.017606	0.077003	-0.188999	0.001841	0.049383
44	-0.071736	0.166604	0.079036	0.109444	0.081568	-0.114163	-0.120063	-0.11527	-0.043295	0.041345	0.138133	0.060368	-0.033331	-0.037635	-0.008367	0.056093	-0.086309	0.226709	-0.036112	0.058955	0.065183	-0.160283	0.086423	0.095659	-0.066587	-0.078749	0.028716
45	-0.14639	0.183975	0.147006	-0.059736	0.029129	0.032543	-0.077545	-0.136507	-0.062098	-0.017653	0.236384	-0.069417	0.127598	0.049026	-0.005807	0.033149	-0.193001	0.128315	0.102862	0.012453	0.045909	-0.047568	-0.123298	0.039007	-0.130277	0.107693	0.025794
46	-0.05421	0.165373	0.033263	0.022897	-0.012684	-0.071709	-0.063983	-0.125367	-0.085078	0.102973	0.224189	-0.114522	-0.047905	-0.026247	0.020524	-0.018583	-0.06265	0.084995	-0.056297	0.038791	0.023083	-0.203997	-0.019113	0.033262	0.025922	-0.082172	-0.015718
47	-0.08804	0.167445	0.052617	-0.159231	-0.124015	0.056396	0.016731	-0.114673	-0.06275	-0.123932	0.034661	-0.037654	0.0431	-0.004467	-0.14873	-0.019537	-0.15583	-0.088451	-0.040447	0.023818	0.036674	0.092517	-0.116551	0.052262	0.008353	0.131363	-0.002505
48	-0.062333	0.186541	0.019761	-0.073982	-0.094313	-0.032988	-0.001825	-0.151451	-0.065164	0.051345	0.184485	-0.205488	-0.052997	-0.046436	-0.03302	-0.026115	-0.103646	-0.151943	-0.037545	-0.012971	-0.127036	0.055177	-0.158719	0.0383	-0.033793	0.078391	-0.00161
49	-0.143324	0.10923	0.123858	-0.173725	-0.049425	0.197668	-0.063862	0.018647	-0.140239	-0.103319	0.06458	0.141525	0.175746	0.061485	0.007347	-0.091998	0.04583	0.011237	-0.112654	0.075259	0.072037	0.031812	-0.099642	-0.193746	0.04285	0.071775	-0.081587
50	-0.063443	0.123725	0.021064	-0.174194	-0.139518	0.078135	0.049301	-0.0403	-0.02051	-0.191346	-0.142353	0.119618	0.046425	0.013369	-0.15917	-0.013451	-0.052918	0.03851	-0.07974	0.067681	0.200869	-0.074951	0.067648	-0.011609	0.133242	-0.048289	-0.053908
51	-0.049999	0.043916	0.040695	-0.090391	-0.047128	0.086093	-0.018388	0.017856	-0.067686	-0.096577	-0.026582	0.118389	0.075596	0.001231	-0.010845	-0.091923	0.053936	-0.007027	-0.169633	0.095042	0.119234	-0.06836	-0.060419	-0.152884	0.08283	0.016695	-0.100663
52	-0.019773	0.065234	0.030544	0.123783	0.071887	-0.097729	-0.085483	-0.013187	-0.020185	-0.048799	-0.088196	0.196472	-0.089903	-0.047725	-0.079523	0.044133	0.015721	0.054465	-0.096254	-0.004894	-0.192685	0.232981	0.011772	0.015146	0.004701	0.053994	-0.004904
53	-0.015632	0.155456	0.007177	0.21994	0.076239	-0.131243	-0.133207	-0.005006	-0.124018	0.033604	-0.055964	0.206606	-0.113476	0.042339	-0.133876	-0.000789	0.056816	0.116299	-0.043048	-0.013549	-0.035774	0.023661	0.080954	0.07637	0.135812	0.056214	0.040903
54	0.028753	0.092228	-0.041654	0.200538	0.017987	-0.019765	-0.07021	0.091728	-0.171504	-0.022773	-0.125121	0.088172	-0.037729	0.162052	-0.148367	-0.059677	0.009369	-0.078914	0.127622	-0.077934	-0.028893	-0.029048	-0.118565	0.040601	0.077528	0.139391	0.043728
55	0.052914	0.158135	-0.093663	0.200255	-0.000551	-0.021101	-0.043989	0.081533	-0.125649	0.131154	-0.050328	0.038135	0.013343	0.103363	-0.059745	-0.061988	0.112017	-0.044947	0.038768	-0.011956	0.215129	-0.019641	0.094124	-0.029962	0.074482	0.011232	-0.003367
56	-0.007803	0.191995	-0.038279	0.123836	-0.001382	-0.108106	-0.070946	-0.045587	-0.100509	0.186069	0.113421	-0.008611	-0.089522	0.014868	0.013203	-0.039449	0.117376	0.100044	-0.077461	0.038848	0.12527	-0.190795	0.162218	-0.026326	0.167772	-0.134295	-0.029426
57	-0.013455	0.172348	-0.044832	0.010906	-0.065995	-0.074863	-0.004857	-0.082408	-0.051639	0.17996	0.157364	-0.165149	-0.095073	-0.035924	0.065929	-0.04672	0.090466	-0.08633	-0.081146	0.011412	-0.044733	-0.07271	0.016175	-0.082794	0.095278	-0.098932	-0.059377
58	-0.009308	0.168933	-0.065827	-0.053757	-0.116759	-0.050919	0.055444	-0.075062	0.009177	0.125211	0.051017	-0.178228	-0.104558	-0.048555	0.037857	-0.008802	0.087871	-0.215126	-0.015378	-0.043656	-0.175501	0.150866	-0.012107	-0.056803	-0.02425	0.003185	-0.010215
59	-0.03564	0.156592	-0.025596	-0.117675	-0.144368	-0.015061	0.066822	-0.104135	0.006336	-0.023594	-0.018142	-0.132645	-0.083493	-0.050456	-0.094322	0.015736	-0.050723	-0.215255	0.006023	-0.0523	-0.153806	0.200732	-0.035972	0.088199	-0.049107	0.07411	0.048788
60	0.00091	0.1791	-0.103141	-0.112	-0.159078	-0.033236	0.118395	-0.029359	0.102983	0.047811	-0.137136	-0.048042	-0.095101	-0.011419	0.017933	0.07347	0.095972	-0.059352	0.083873	-0.050855	-0.118655	0.09045	0.095353	-0.007355	-0.089849	-0.022376	0.034222
61	-0.039338	0.15248	-0.028706	-0.168278	-0.175812	0.017682	0.099679	-0.073635	0.044913	-0.145014	-0.184054	0.01949	-0.052635	-0.017796	-0.177752	0.056887	-0.067843	-0.039616	0.029704	-0.01561	0.056765	0.031864	0.141777	0.138722	0.038152	-0.062276	0.04785
62	-0.020679	0.073223	-0.015789	-0.101468	-0.100826	0.016207	0.061641	-0.024971	0.03531	-0.124399	-0.15803	0.069109	-0.021417	-0.001202	-0.120362	0.038945	-0.03757	0.062115	0.015163	0.008555	0.130035	-0.093193	0.161089	0.091912	0.085081	-0.13199	0.016967
63	-0.011853	0.132423	-0.069669	-0.146638	-0.149976	0.0016	0.117118	-0.005706	0.11628	-0.095012	-0.233077	0.09701	-0.04864	0.02341	-0.042894	0.099382	0.012179	0.159126	0.092186	-0.012406	0.044182	-0.14393	0.126623	0.044858	-0.03352	-0.096352	0.022673
64	0.042634	0.138523	-0.146581	-0.087197	-0.075761	-0.030001	0.110735	0.078546	0.176878	0.096943	-0.113064	0.085731	-0.005749	0.060486	0.1754	0.090366	0.072075	0.198144	0.096942	0.002822	-0.089783	-0.090837	-0.092832	-0.087467	-0.12571	0.070953	-0.015674
65	0.051012	0.057272	-0.115486	-0.073398	0.021235	-0.023375	0.054467	0.110991	0.1457	0.034011	0.006215	0.107712	0.013281	0.086558	0.162524	0.045035	-0.056889	0.174013	0.011354	-0.017739	-0.091478	-0.080662	-0.21847	-0.026725	-0.05877	0.106377	-0.023548
66	0.014527	0.058188	-0.067788	-0.063743	-0.045342	-0.016999	0.065406	0.049055	0.112775	-0.002609	-0.097625	0.085088	-0.017302	0.049326	0.110544	0.070843	0.013676	0.207421	0.081116	-0.020785	-0.067841	-0.155282	-0.104549	-0.038979	-0.114509	0.045023	-0.003674
67	0.004001	0.064067	-0.007219	0.144618	0.033688	-0.055512	-0.075746	0.045278	-0.119478	-0.044704	-0.110408	0.145138	-0.081177	0.093442	-0.14343	-0.028529	0.006872	-0.010249	0.054997	-0.073494	-0.182966	0.069327	-0.128327	0.068638	0.113216	0.177214	0.055771
68	0.029715	0.046743	-0.031449	0.153036	0.000867	0.023929	-0.037023	0.094814	-0.139406	-0.087613	-0.117109	0.003396	-0.013349	0.146041	-0.08547	-0.035383	-0.072593	-0.119719	0.14946	-0.051287	-0.135076	-0.07849	-0.20545	-0.003053	-0.030002	0.046376	-0.000763
69	0.090168	0.085868	-0.078712	0.249041	-0.017065	0.119727	-0.012104	0.142151	-0.146816	-0.073868	-0.106062	-0.092336	0.085325	0.123204	-0.039142	-0.014829	-0.087175	-0.145638	0.11195	-0.007514	0.087995	-0.049209	-0.053454	-0.034617	-0.169102	-0.056576	-0.03293
70	0.043615	0.024848	-0.026348	0.143681	-0.021908	0.087656	-0.001003	0.092266	-0.094022	-0.148877	-0.069154	-0.128303	0.005676	0.081693	0.053099	0.031555	-0.130556	-0.074272	0.069984	0.061979	-0.162344	-0.147678	-0.082126	-0.077726	-0.088962	-0.176849	-0.078443
71	0.141161	0.111281	-0.138535	0.138513	0.006704	0.117209	0.036532	0.091331	0.016398	0.155294	-0.008069	-0.009435	0.222543	-0.031275	-0.020551	-0.022225	-0.000263	-0.067515	-0.01787	0.027809	0.2736	0.166399	0.053929	0.029803	-0.113438	0.039547	0.010749
72	0.059326	0.22592	-0.168335	0.033662	-0.076446	-0.048026	0.060857	0.04236	0.047581	0.270871	0.01378	-0.053598	-0.005888	0.021261	0.126076	-0.011213	0.19212	-0.041275	-0.002375	0.025175	0.068358	0.044094	0.079697	-0.138543	0.020405	-0.01826	-0.049083
73	0.124694	0.104959	-0.192841	-0.058192	0.062115	0.009845	0.061405	0.137391	0.160279	0.162855	0.051799	0.104469	0.151133	0.034777	0.110398	0.013553	-0.074776	0.067515	-0.027681	0.103186	-0.020313	0.063187	-0.140364	0.00802	0.038271	0.108741	-0.016423
74	0.103504	0.021652	-0.157908	-0.144649	0.167434	-0.043263	-0.002362	0.17275	0.115656	-0.080734	0.196395	0.092094	-0.067039	0.137481	0.050606	-0.014388	-0.170807	-0.027616	-0.117371	-0.105591	-0.011571	0.021832	-0.070249	0.071683	0.083332	-0.043952	-0.012712
75	0.039246	-0.002021	-0.066983	-0.075149	0.090442	-0.036196	-0.014057	0.098962	0.039497	-0.108718	0.134226	0.028413	-0.115259	0.110696	0.032801	-0.028333	-0.092308	-0.064258	-0.123949	-0.230226	0.103131	0.054246	0.000935	0.074687	-0.001312	-0.165017	-0.013535
76	0.039246	-0.002021	-0.066983	-0.075149	0.090442	-0.036196	-0.014057	0.098962	0.039497	-0.108718	0.134226	0.028413	-0.115259	0.110696	0.032801	-0.028333	-0.092308	-0.064258	-0.123949	-0.230226	0.103131	0.054246	0.000935	0.074687	-0.001312	-0.165017	-0.013535
77	0.050819	-0.002172	0.004168	0.1156	-0.039812	0.118124	0.02332	0.042647	-0.014783	-0.179451	0.011751	-0.157035	-0.05325	-0.010062	0.142863	0.09011	-0.072333	0.074424	-0.060481	0.132882	-0.198286	-0.086065	0.054024	-0.043225	0.115134	-0.101721	-0.041468
78	0.073389	0.019471	-0.022982	0.175101	-0.03834	0.156645	0.021963	0.081366	-0.056125	-0.184363	-0.025024	-0.189183	0.016918	0.008301	0.108891	0.081615	-0.123154	-0.001397	-0.027171	0.087558	-0.101323	-0.085937	0.064158	-0.059872	-0.088479	-0.167955	-0.061524
79	0.091328	-0.010938	0.018945	0.146328	-0.05646	0.18493	0.042857	0.006784	0.034396	-0.178953	0.063213	-0.148861	-0.058838	-0.069121	0.12368	0.105116	-0.010562	0.129249	-0.114642	0.065883	-0.086184	0.012599	0.11818	0.008801	0.117815	0.04574	0.017276
80	0.075949	-0.027978	0.050719	0.092287	-0.061802	0.126081	0.037148	-0.022856	0.06362	-0.130415	0.088591	-0.066508	-0.124933	-0.028452	0.103815	0.072043	0.063471	0.136058	-0.067617	0.108099	-0.076559	0.048741	0.025957	0.051635	0.251085	0.141377	0.045417
81	0.13428	0.023551	-0.030558	0.189608	-0.036344	0.217943	0.042047	0.032444	0.009966	-0.080308	0.024212	-0.115638	0.094278	-0.078245	0.009701	0.053886	-0.034993	0.011108	-0.06629	-0.033193	0.147476	0.098345	0.109412	0.038917	-0.14647	0.023995	0.026064
82	0.175866	-0.054347	0.091288	0.132942	-0.080466	0.236668	0.060676	-0.123061	0.13449	-0.066163	0.145148	0.023301	-0.112854	-0.076169	-0.031848	0.03594	0.130074	0.110282	-0.047911	-0.124795	0.050926	0.056697	-0.001617	0.031295	0.06497	0.186449	0.048622
83	0.178039	-0.008359	-0.019577	0.07227	0.023419	0.188607	0.031738	-0.082838	0.06079	0.085862	0.033716	0.024424	0.178488	-0.166922	-0.140725	0.000276	-0.010665	0.002013	-0.057747	-0.104592	0.115485	0.108571	0.05355	0.09886	-0.086752	-0.000425	0.049038
84	0.156055	-0.055931	0.063664	0.020665	0.000244	0.140782	0.018811	-0.169466	0.068973	0.071221	0.042569	0.094775	0.009346	-0.082988	-0.152897	-0.028575	0.041528	-0.002046	0.007392	-0.240897	-0.053661	-0.108371	-0.029349	-0.053734	-0.073855	-0.085072	-0.030241
85	0.148918	0.022092	-0.094208	-0.018782	0.085011	0.084204	0.017945	0.004104	0.061739	0.145257	0.018469	0.063581	0.243321	-0.108611	-0.094669	-0.013227	-0.106142	-0.023749	-0.033776	0.112517	0.006115	0.104521	-0.016981	0.114794	0.053075	0.003365	0.033325
86	0.149908	0.001619	-0.122554	-0.12862	0.172426	0.012082	-0.013097	0.045887	0.057751	0.049193	0.089465	0.070273	0.121018	-0.039061	-0.104782	-0.004737	-0.137373	-0.040109	0.002391	0.210727	-0.186902	-0.028941	0.01002	0.053766	0.195518	0.026582	0.019908
87	0.237819	-0.074327	0.012501	-0.114444	0.143562	0.075175	-0.038772	-0.192222	-0.052804	0.150107	-0.084865	0.027589	0.156221	-0.100531	-0.149066	0.005533	-0.067413	-0.024451	0.025571	0.039894	-0.154913	-0.087323	0.009846	0.023705	0.04721	-0.16122	-0.020374
88	0.097167	-0.01357	-0.104922	-0.14436	0.18312	-0.03737	-0.040682	0.082012	0.005576	-0.110697	0.140659	-0.002233	-0.076153	0.02481	-0.098297	0.000298	-0.017705	-0.070652	0.036306	0.113018	-0.07042	-0.053035	0.138089	-0.043601	0.060549	0.076266	0.02221
89	0.125039	-0.035127	-0.062323	-0.139586	0.177877	-0.009708	-0.053495	-0.033189	-0.063381	-0.032081	0.017642	-0.045424	0.013414	-0.082441	-0.153254	0.025108	0.063504	-0.025619	0.12844	0.238224	-0.150058	-0.103313	0.119568	-0.072954	0.052348	0.067787	0.015315
90	0.087463	-0.030278	-0.067737	-0.140616	0.175775	-0.043841	-0.062197	0.016777	-0.085441	-0.133424	0.0505	-0.100643	-0.119074	-0.025272	-0.092311	0.033843	0.179468	-0.014956	0.12994	0.104493	0.055149	-0.035377	0.140207	-0.124195	-0.138878	0.13304	0.008675
91	0.126034	-0.054288	-0.022286	-0.14484	0.169864	-0.025065	-0.075292	-0.105789	-0.164272	-0.032321	-0.11672	-0.148324	-0.020524	-0.084506	-0.031491	0.067987	0.20257	0.082817	0.119883	0.095894	0.037648	-0.003269	-0.043507	-0.041643	-0.084886	0.043334	-0.016459
92	0.076964	-0.013419	-0.102909	-0.142423	0.175876	-0.058566	-0.04368	0.116717	0.001648	-0.181753	0.172173	-0.02277	-0.185995	0.106254	-0.015588	-0.00843	0.009325	-0.074733	-0.050493	-0.169685	0.150581	0.041837	0.091415	-0.006155	-0.098187	-0.051664	-0.006147
93	0.063532	-0.028506	-0.039045	-0.106637	0.128126	-0.041662	-0.054391	-0.008247	-0.10367	-0.10915	-0.015283	-0.122351	-0.111776	-0.017295	0.000796	0.043144	0.209482	0.048228	0.083555	-0.018748	0.167966	0.050339	-0.010451	-0.062082	-0.191275	0.088407	-0.011626
94	0.064751	-0.037446	0.00183	-0.086152	0.089373	-0.035109	-0.052733	-0.078786	-0.146203	-0.025365	-0.146588	-0.14318	-0.031068	-0.025739	0.113671	0.061522	0.155434	0.129218	0.007008	-0.053372	0.142567	0.106644	-0.188335	0.060069	-0.032923	0.026829	-0.015396
95	0.106481	-0.065154	0.133705	0.050135	-0.105133	0.051341	0.0337	-0.03734	0.095551	-0.02989	0.116812	0.057563	-0.175666	0.092642	0.040671	0.007077	0.112281	0.034011	0.066456	0.192965	0.077128	0.123299	-0.099435	0.100847	0.135946	0.107223	0.037897
96	0.112242	-0.054599	0.088779	0.034038	-0.044641	0.105923	0.025763	-0.137328	0.088152	0.027941	0.074861	0.111035	-0.108066	0.012608	-0.084372	-0.039409	0.087014	-0.002956	0.041015	-0.22863	-0.03096	-0.126334	-0.078654	-0.119802	-0.069191	0.004513	-0.051423
97	0.127597	-0.074228	0.140923	0.035672	-0.088889	0.072306	0.029874	-0.11117	0.10099	0.026623	0.098519	0.123564	-0.174869	0.114721	-0.020997	-0.036262	0.088071	-0.025685	0.082163	-0.024425	0.033624	-0.033866	-0.082564	-0.065304	-0.026562	0.073644	-0.026552
98	0.150599	-0.115382	0.237235	-0.01996	-0.14686	-0.095209	0.006939	0.001266	0.035675	0.094735	0.035405	0.092343	-0.104921	0.232601	0.055029	-0.023429	-0.06689	-0.117171	0.080866	0.236568	0.077044	0.052038	0.058514	0.000387	-0.091164	-0.010729	-0.003306
99	0.167473	-0.090476	0.138452	-0.0251	-0.032098	0.050737	0.002131	-0.176557	0.039629	0.121483	0.000782	0.137044	-0.06589	0.104816	-0.068891	-0.054189	-0.03776	-0.091685	0.062568	-0.111741	-0.086166	-0.170017	-0.020388	-0.130593	-0.101749	-0.159927	-0.085099
100	0.150834	-0.092389	0.134266	-0.076904	-0.005663	-0.046422	-0.032957	-0.132158	-0.083677	0.141461	-0.148731	0.017816	0.018892	0.160393	0.122917	-0.003554	-0.191395	-0.064752	-0.081052	-0.017497	-0.048857	-0.042047	0.102508	-0.023481	0.018313	-0.073491	-0.015485
101	0.125337	-0.067633	0.045674	-0.110773	0.092364	-0.03287	-0.062383	-0.15529	-0.176031	0.071848	-0.230738	-0.119229	0.040415	0.020529	0.160085	0.057398	-0.012014	0.09878	-0.080964	-0.07142	0.036188	0.067992	-0.135853	0.101212	0.098337	-0.07661	-0.013685
102	0.073505	-0.053422	0.072558	-0.058611	0.007278	-0.058118	-0.033896	-0.074001	-0.111828	0.069501	-0.171704	-0.062363	0.023359	0.107817	0.209009	0.025151	-0.143365	0.028803	-0.160127	-0.100397	0.029404	0.061116	0.032555	0.054688	0.108502	0.051445	0.028694
103	0.047111	-0.032819	0.02455	-0.05302	0.038376	-0.033541	-0.034691	-0.070936	-0.114009	0.018251	-0.155154	-0.09584	0.004797	0.026693	0.174779	0.03938	0.003382	0.100569	-0.099902	-0.10745	0.08781	0.111222	-0.15911	0.115778	0.105294	-0.003744	0.006385
104	0.064837	-0.059494	0.133976	0.000845	-0.107537	-0.084581	0.011057	0.085472	0.037783	0.006485	0.071835	0.024158	-0.052482	0.057608	-0.015181	0.002647	0.074217	-0.017659	0.117788	0.265249	0.099431	0.137119	-0.174945	0.170429	0.030239	-0.2086	-0.013938
105	0.066006	-0.069663	0.162711	-0.014917	-0.13286	-0.156894	0.004294	0.167079	0.014199	0.020839	0.060884	-0.009708	0.029466	0.011097	-0.05166	0.017355	0.034078	-0.027585	0.090018	0.204453	0.077979	0.092751	-0.072506	0.108089	-0.069647	-0.179086	-0.015018
106	0.043974	-0.056895	0.136836	-0.017525	-0.122221	-0.179901	-0.000043	0.22397	-0.008377	-0.001844	0.047992	-0.069826	0.123815	-0.133722	-0.103318	0.0441	0.042311	0.045611	-0.006666	-0.070597	-0.019572	-0.023985	-0.00195	-0.009837	-0.021435	-0.000535	-0.008914
107	0.070195	-0.072813	0.166203	-0.024088	-0.12727	-0.165965	-0.002165	0.154852	-0.010434	0.041384	0.018065	-0.021633	0.056184	0.040422	0.000898	0.020088	-0.076649	-0.047025	-0.021313	0.063961	0.027667	0.011154	0.205763	-0.066585	-0.120605	0.185272	0.043995
108	0.026247	-0.039217	0.092834	-0.012446	-0.08832	-0.140792	-0.000546	0.189361	-0.011083	-0.018441	0.036626	-0.076477	0.126701	-0.184356	-0.112288	0.04247	0.069941	0.087436	-0.037245	-0.209664	-0.073285	-0.082042	-0.070587	-0.03581	0.077565	-0.004541	-0.030368
109	0.044236	-0.054607	0.1259	-0.021855	-0.105426	-0.165369	-0.004485	0.187493	-0.024933	0.009945	0.01086	-0.071565	0.125382	-0.104397	-0.050498	0.040602	-0.032542	0.038956	-0.092892	-0.191541	-0.064163	-0.086968	0.163022	-0.128703	-0.004313	0.254163	0.029036
110	0.087577	-0.075846	0.150468	-0.041794	-0.08224	-0.123681	-0.015558	0.037742	-0.051952	0.081071	-0.074564	-0.013682	0.030601	0.138184	0.125026	0.009824	-0.189206	-0.062149	-0.116745	-0.012719	0.003472	-0.005043	0.276539	-0.090162	-0.04231	0.245268	0.058242
111	0.03941	-0.05096	0.121816	-0.011109	-0.111997	-0.154648	0.003191	0.202118	0.004779	-0.014848	0.062918	-0.05693	0.092509	-0.141057	-0.116455	0.037165	0.108497	0.063843	0.051178	-0.008258	0.001784	0.021223	-0.209247	0.107399	0.064954	-0.248924	-0.052614
112	0.019563	-0.030255	0.069613	-0.009435	-0.06688	-0.10804	-0.000537	0.145441	-0.009355	-0.01806	0.026271	-0.060609	0.098173	-0.150908	-0.085949	0.031113	0.058358	0.074656	-0.035285	-0.188161	-0.067203	-0.074225	-0.069928	-0.03235	0.085267	-0.004338	-0.026948
